D 4 
F 3 
M 4 
S 3 
sd 
249.58 247.60 203.16 277.79 
sf 
209.42 259.58 288.95 
sm 
266.38 272.37 284.78 270.66 
ss 
251.06 223.58 231.21 
cd 
17.55 19.62 5.15 
9.60 11.89 14.26 
13.42 7.78 9.66 
10.04 10.59 12.09 
cf 
11.04 17.59 13.98 10.57 
14.45 11.59 17.10 7.46 
15.23 19.26 11.11 13.30 
cm 
7.31 19.64 18.90 
11.92 9.10 10.28 
16.80 9.84 7.17 
5.75 16.06 11.05 
ud 
9.56 6.49 8.04 5.90 
uf 
8.80 6.07 7.63 
um 
6.50 5.71 8.68 6.34 
p 
64.97 64.81 63.68 
xdminmax
30.00 40.00 
30.00 40.00 
30.00 40.00 
30.00 40.00 
30.00 40.00 
30.00 40.00 
30.00 40.00 
30.00 40.00 
30.00 40.00 
30.00 40.00 
30.00 40.00 
30.00 40.00 
xfminmax
20.00 30.00 
20.00 30.00 
20.00 30.00 
20.00 30.00 
20.00 30.00 
20.00 30.00 
20.00 30.00 
20.00 30.00 
20.00 30.00 
20.00 30.00 
20.00 30.00 
20.00 30.00 
xmminmax
10.00 20.00 
10.00 20.00 
10.00 20.00 
10.00 20.00 
10.00 20.00 
10.00 20.00 
10.00 20.00 
10.00 20.00 
10.00 20.00 
10.00 20.00 
10.00 20.00 
10.00 20.00  
